Model: Decision Tree - depth=5, min_split=10
======================================================================

              precision    recall  f1-score   support

           3       0.00      0.00      0.00         6
           4       0.00      0.00      0.00        41
           5       0.57      0.62      0.59       350
           6       0.52      0.62      0.57       465
           7       0.43      0.31      0.36       171
           8       0.00      0.00      0.00        30
           9       0.00      0.00      0.00         1

    accuracy                           0.53      1064
   macro avg       0.22      0.22      0.22      1064
weighted avg       0.48      0.53      0.50      1064
