Model: Decision Tree - depth=10, min_split=2
======================================================================

              precision    recall  f1-score   support

           3       0.00      0.00      0.00         6
           4       0.21      0.12      0.15        41
           5       0.55      0.57      0.56       350
           6       0.51      0.57      0.54       465
           7       0.43      0.36      0.39       171
           8       0.38      0.10      0.16        30
           9       0.00      0.00      0.00         1

    accuracy                           0.50      1064
   macro avg       0.30      0.25      0.26      1064
weighted avg       0.49      0.50      0.49      1064
