Model: Decision Tree - depth=None, min_split=2
======================================================================

              precision    recall  f1-score   support

           3       0.00      0.00      0.00         6
           4       0.12      0.12      0.12        41
           5       0.52      0.58      0.55       350
           6       0.50      0.46      0.48       465
           7       0.39      0.40      0.39       171
           8       0.23      0.20      0.21        30
           9       0.00      0.00      0.00         1

    accuracy                           0.46      1064
   macro avg       0.25      0.25      0.25      1064
weighted avg       0.46      0.46      0.46      1064
