Model: Decision Tree - depth=10, min_split=10
======================================================================

              precision    recall  f1-score   support

           3       0.17      0.17      0.17         6
           4       0.18      0.07      0.10        41
           5       0.55      0.59      0.57       350
           6       0.51      0.56      0.53       465
           7       0.41      0.36      0.38       171
           8       0.29      0.07      0.11        30
           9       0.00      0.00      0.00         1

    accuracy                           0.50      1064
   macro avg       0.30      0.26      0.27      1064
weighted avg       0.49      0.50      0.49      1064
