Model: Decision Tree - depth=None, min_split=10
======================================================================

              precision    recall  f1-score   support

           3       0.12      0.17      0.14         6
           4       0.16      0.15      0.15        41
           5       0.50      0.60      0.54       350
           6       0.49      0.43      0.46       465
           7       0.40      0.39      0.40       171
           8       0.20      0.10      0.13        30
           9       0.00      0.00      0.00         1

    accuracy                           0.46      1064
   macro avg       0.27      0.26      0.26      1064
weighted avg       0.45      0.46      0.45      1064
