Model: Decision Tree - depth=3, min_split=10
======================================================================

              precision    recall  f1-score   support

           3       0.00      0.00      0.00         6
           4       0.00      0.00      0.00        41
           5       0.59      0.63      0.61       350
           6       0.51      0.68      0.58       465
           7       0.40      0.16      0.23       171
           8       0.00      0.00      0.00        30
           9       0.00      0.00      0.00         1

    accuracy                           0.53      1064
   macro avg       0.21      0.21      0.20      1064
weighted avg       0.48      0.53      0.49      1064
