Model: SVM - Linear
======================================================================

              precision    recall  f1-score   support

           3       0.00      0.00      0.00         6
           4       0.00      0.00      0.00        41
           5       0.56      0.63      0.59       350
           6       0.50      0.72      0.59       465
           7       0.00      0.00      0.00       171
           8       0.00      0.00      0.00        30
           9       0.00      0.00      0.00         1

    accuracy                           0.52      1064
   macro avg       0.15      0.19      0.17      1064
weighted avg       0.40      0.52      0.45      1064
