Model: SVM - Polynomial
======================================================================

              precision    recall  f1-score   support

           3       0.00      0.00      0.00         6
           4       0.33      0.02      0.05        41
           5       0.59      0.57      0.58       350
           6       0.51      0.71      0.59       465
           7       0.46      0.18      0.25       171
           8       0.00      0.00      0.00        30
           9       0.00      0.00      0.00         1

    accuracy                           0.53      1064
   macro avg       0.27      0.21      0.21      1064
weighted avg       0.50      0.53      0.49      1064
