Model: SVM - RBF
======================================================================

              precision    recall  f1-score   support

           3       0.00      0.00      0.00         6
           4       0.00      0.00      0.00        41
           5       0.57      0.66      0.61       350
           6       0.52      0.68      0.59       465
           7       0.50      0.17      0.25       171
           8       0.00      0.00      0.00        30
           9       0.00      0.00      0.00         1

    accuracy                           0.54      1064
   macro avg       0.23      0.21      0.21      1064
weighted avg       0.50      0.54      0.50      1064
